0.01 0 1.01902
0.02 0 1.03706
0.03 0 1.05411
0.04 0 1.07019
0.05 0 1.08529
0.06 0 1.0994
0.07 0 1.11253
0.08 0 1.12468
0.09 0 1.13586
0.1 0 1.14604
0.11 0 1.15525
0.12 0 1.16348
0.13 0 1.17073
0.14 0 1.17699
0.15 0 1.18228
0.16 0 1.18658
0.17 0 1.18991
0.18 0 1.19225
0.19 0 1.19361
0.2 0 1.19399
0.21 0 1.19339
0.22 0 1.19181
0.23 0 1.18924
0.24 0 1.1857
0.25 0 1.18117
0.26 0 1.17567
0.27 0 1.16918
0.28 0 1.16171
0.29 0 1.15326
0.3 0 1.14383
0.31 0 1.13342
0.32 0 1.12203
0.33 0 1.10966
0.34 0 1.0963
0.35 0 1.08197
0.36 0 1.06665
0.37 0 1.05036
0.38 0 1.03308
0.39 0 1.01482
0.4 0 0.99558
0.41 0 0.975359
0.42 0 0.954157
0.43 0 0.931974
0.44 0 0.90881
0.45 0 0.884665
0.46 0 0.859539
0.47 0 0.833432
0.48 0 0.806344
0.49 0 0.778275
0.5 0 0.749225
0.51 0 0.719194
0.52 0 0.688182
0.53 0 0.656189
0.54 0 0.623215
0.55 0 0.58926
0.56 0 0.554324
0.57 0 0.518407
0.58 0 0.481509
0.59 0 0.44363
0.6 0 0.40477
0.61 0 0.364929
0.62 0 0.324107
0.63 0 0.282304
0.64 0 0.23952
0.65 0 0.195755
0.66 0 0.151009
0.67 0 0.105282
0.68 0 0.058574
0.69 0 0.010885
0.7 0 -0.037785
0.71 0 -0.087436
0.72 0 -0.138068
0.73 0 -0.189681
0.74 0 -0.242275
0.75 0 -0.29585
0.76 0 -0.350406
0.77 0 -0.405943
0.78 0 -0.462461
0.79 0 -0.51996
0.8 0 -0.57844
0.81 0 -0.637901
0.82 0 -0.698343
0.83 0 -0.759766
0.84 0 -0.82217
0.85 0 -0.885555
0.86 0 -0.949921
0.87 0 -1.01527
0.88 0 -1.0816
0.89 0 -1.14891
0.9 0 -1.2172
0.91 0 -1.28647
0.92 0 -1.35672
0.93 0 -1.42795
0.94 0 -1.50017
0.95 0 -1.57336
0.96 0 -1.64754
0.97 0 -1.72269
0.98 0 -1.79883
0.99 0 -1.87595
1 0 -1.95405
